R(a, b) = {
  0, 94
  63, 11
  77, 44
  90, 98
  66, 8
  92, 81
  2, 30
  42, 29
  38, 83
  49, 0
  19, 44
  79, 1
  53, 10
  89, 49
  94, 70
  44, 37
  7, 54
  11, 44
  56, 44
  86, 65
  59, 40
  97, 71
  30, 73
  65, 48
  71, 48
  23, 68
  34, 10
  72, 10
  81, 83
  98, 22
  57, 17
  15, 99
  51, 80
  62, 44
  31, 55
  74, 37
  12, 91
  33, 84
  40, 69
  82, 70
  32, 62
  13, 49
  58, 57
  95, 56
  55, 15
  96, 14
  60, 37
  99, 93
  24, 51
  37, 80
  21, 90
  8, 36
  22, 52
  73, 5
  46, 41
  87, 37
  91, 25
  25, 97
  14, 49
  93, 14
  84, 33
  85, 93
  27, 34
  41, 93
  67, 62
  5, 83
  17, 81
  26, 45
  28, 90
  6, 31
  48, 98
  52, 13
  76, 88
  9, 1
  36, 7
  64, 7
  3, 56
  10, 99
  29, 32
  45, 23
  68, 11
  75, 87
  88, 26
  39, 73
  16, 96
  54, 28
  18, 87
  83, 25
  80, 29
  4, 30
  50, 43
  1, 63
  35, 52
  43, 63
  61, 90
  69, 54
  70, 60
  78, 73
  47, 6
  20, 63
}
