S(b, c) = {
  63, 270429
  21, 541294
  37, 425995
  27, 788701
  66, 9653
  86, 457870
  29, 169200
  7, 959461
  80, 75720
  7, 309634
  35, 189026
  44, 606134
  18, 591773
  58, 684756
  86, 916515
  13, 41104
  72, 704028
  45, 22518
  89, 224253
  97, 513310
  1, 497222
  49, 594307
  99, 522319
  53, 76373
  65, 71587
  8, 201840
  69, 966082
  68, 847171
  13, 292423
  4, 999536
  74, 284909
  99, 824757
  54, 826304
  46, 34080
  45, 7320
  54, 624462
  57, 327952
  11, 316225
  92, 534158
  45, 581438
  58, 347089
  61, 610857
  60, 550471
  24, 705514
  58, 756718
  98, 957149
  87, 573319
  21, 689502
  32, 579970
  27, 572114
  76, 211599
  54, 884306
  33, 744759
  84, 366989
  28, 792650
  35, 501844
  30, 686419
  64, 457980
  72, 34659
  58, 664578
  13, 83748
  65, 855785
  26, 249514
  66, 824480
  74, 747350
  95, 681014
  19, 188741
  13, 425125
  35, 928587
  12, 17239
  96, 185826
  81, 726300
  6, 721147
  6, 569995
  90, 434979
  19, 995219
  78, 965875
  28, 512165
  82, 833167
  1, 597143
  40, 323109
  7, 726685
  41, 305243
  90, 364755
  73, 929327
  38, 783392
  11, 295613
  80, 152482
  97, 489819
  26, 55451
  1, 649872
  77, 790639
  86, 811137
  44, 134800
  91, 231778
  73, 456122
  32, 822422
  85, 612741
  99, 13000
  37, 614355
}
